%YAML:1.0
homography: !!opencv-matrix
   rows: 3
   cols: 3
   dt: d
   data: [ 4.8148393634656200e-01, -6.8037583476095939e-03,
       1.6463194414952025e+02, -8.4997396296557989e-03,
       4.8554192481779890e-01, 1.1948945317845526e+02,
       -3.5243656411646156e-05, -1.6967183285703318e-05, 1. ]
