%YAML:1.0
homography: !!opencv-matrix
   rows: 3
   cols: 3
   dt: d
   data: [ 2.9721592813316555e-01, 1.9472606562127539e-02,
       1.5440739239380235e+02, -1.5671617957261472e-01,
       6.6361108231490284e-01, 7.7292887265140010e+01,
       -6.1124751240225906e-04, 3.4036022989859776e-05, 1. ]
