%YAML:1.0
homography: !!opencv-matrix
   rows: 3
   cols: 3
   dt: d
   data: [ 1.2743421688430481e+00, -1.9380061157476432e-02,
       2.9416753908869346e+01, 3.1224239734436338e-01,
       1.1699252200744297e+00, -7.3270489206803035e+01,
       1.1505038736413196e-03, -6.5186724696299575e-05, 1. ]
