%YAML:1.0
homography: !!opencv-matrix
   rows: 3
   cols: 3
   dt: d
   data: [ 5.1973449613357980e-01, -4.6978954090406366e-02,
       1.7265233733774252e+02, 5.6856849549590381e-02,
       4.1098950751933278e-01, 1.3520949723917462e+02,
       2.0643854108306567e-04, -1.5200392647089282e-04, 1. ]
