%YAML:1.0
homography: !!opencv-matrix
   rows: 3
   cols: 3
   dt: d
   data: [ 1.7589219379084744e+00, 5.1342896896429083e-02,
       -8.1817422335755069e+01, 4.6164401859491999e-01,
       1.6278647201263121e+00, -1.7416646505721187e+02,
       1.6696814617568590e-03, -1.3460986013857636e-04, 1. ]
