%YAML:1.0
homography: !!opencv-matrix
   rows: 3
   cols: 3
   dt: d
   data: [ 2.7733333076934791e-01, 2.2401485218070567e-02,
       1.3915874472473664e+02, -2.1470537871431122e-01,
       7.2529677000836701e-01, 8.4543146825766712e+01,
       -7.2271187207042511e-04, 3.2908890491658172e-05, 1. ]
