%YAML:1.0
homography: !!opencv-matrix
   rows: 3
   cols: 3
   dt: d
   data: [ 4.5518988859878834e-01, -1.7182141259912825e-02,
       1.7090095589270803e+02, -4.9873933898628084e-03,
       4.4637630100666903e-01, 1.4099649816913870e+02,
       -1.7348059325688304e-05, -5.2379498846503630e-05, 1. ]
