%YAML:1.0
homography: !!opencv-matrix
   rows: 3
   cols: 3
   dt: d
   data: [ 1.3438673485112600e+00, 7.3916746976505118e-02,
       -1.2058152769330976e+01, 2.4047727850175327e-01,
       1.2333603055261593e+00, -7.3702816520894046e+01,
       1.0864320562325679e-03, -8.4517101603674520e-05, 1. ]
