%YAML:1.0
homography: !!opencv-matrix
   rows: 3
   cols: 3
   dt: d
   data: [ 2.2941014564867684e-01, -2.6813769840974742e-02,
       1.6494071378017304e+02, -2.3163068711108956e-01,
       6.7063765976378420e-01, 1.0311173776535144e+02,
       -7.5833373931816618e-04, -4.9440331394027123e-05, 1. ]
