%YAML:1.0
homography: !!opencv-matrix
   rows: 3
   cols: 3
   dt: d
   data: [ 3.4406057873655316e-01, 7.7373792867938856e-02,
       2.1411292174988560e+01, -5.5295643605220600e-03,
       6.9982356788066624e-01, -7.3751403397708559e+00,
       -5.7563668276273245e-04, -6.7743289596890744e-05, 1. ]
