%YAML:1.0
homography: !!opencv-matrix
   rows: 3
   cols: 3
   dt: d
   data: [ 7.5731594770487842e-01, -1.4111641495784050e-01,
       1.5368842061411632e+02, 3.7566056846479665e-02,
       6.8603032992114110e-01, 9.6900137008294990e+01,
       8.8641224065025433e-04, -2.3396693151311667e-04, 1. ]
