%YAML:1.0
homography: !!opencv-matrix
   rows: 3
   cols: 3
   dt: d
   data: [ 3.5547199565900062e-01, -1.3118532102695424e-01,
       2.1051708155988996e+02, 3.7655372015169997e-02,
       1.9841951300253374e-01, 1.6477923766808013e+02,
       1.8766365565236692e-04, -4.0252495846103214e-04, 1. ]
