%YAML:1.0
homography: !!opencv-matrix
   rows: 3
   cols: 3
   dt: d
   data: [ 5.1098230868586658e-01, -4.4640455789464288e-02,
       1.5359383423876244e+02, -2.9184535261370190e-03,
       4.3449694413806750e-01, 1.3670653071985046e+02,
       3.1549220432544043e-05, -1.9306617628797528e-04, 1. ]
