%YAML:1.0
homography: !!opencv-matrix
   rows: 3
   cols: 3
   dt: d
   data: [ 1.1594727911597220e+00, -2.5679498736215566e-02,
       8.2198940289248288e+00, 3.1557010202248248e-01,
       1.0144296216649082e+00, -3.1440122901058839e+01,
       1.1405826182773794e-03, -2.1839430940895997e-04, 1. ]
