%YAML:1.0
homography: !!opencv-matrix
   rows: 3
   cols: 3
   dt: d
   data: [ 2.3502008996277512e-01, -2.4637334303428505e-02,
       1.7269403119737763e+02, -2.2524614734828133e-01,
       6.1061156108201742e-01, 1.1747164679843030e+02,
       -6.8917258092768632e-04, -1.3428890859087716e-04, 1. ]
